marg = [1; 1; 1;]
parameter = [50 6.25 0 0;60 3 0 0; 1000 200 0 0;];
